450 147
188 118
123 524
139 503
470 306
874 699
539 632
343 965
86 1020
178 723
128 313
607 622
720 1002
134 269
230 908
611 849
103 524
273 460
871 487
685 792
692 780
779 1015
152 895
631 746
309 896
612 892
60 98
10 602
882 295
294 599
903 883
871 252
800 498
847 818
355 120
371 726
842 264
864 195
699 469
582 50
30 907
14 857
526 486
733 145
610 557
352 995
334 265
619 822
814 224
522 425
950 956
410 605
515 307
460 342
437 760
273 17
626 902
635 587
994 710
957 794
892 570
569 350
498 218
299 984
638 451
599 714
146 321
329 127
634 421
713 75
499 959
315 334
622 838
487 808
408 341
94 481
466 555
800 561
887 532
428 546
499 68
263 741
619 664
340 650
910 821
96 518
9 718
45 142
600 43
972 56
594 160
863 943
521 651
129 169
937 862
695 141
848 664
225 693
281 801
393 755
